============================================
USER ID: 1 | 
============================================
Number of chunks | bits sent: 
89 | 29904
============================================
Number of chunks | bits decoded: 
89 | 29904
============================================
Error sum: 
[00] 0 [01] 0 [02] 0 [03] 0 [04] 0 [05] 0 [18] 0 [19] 0 [20] 0 [21] 0 [22] 0 [23] 0 [24] 0 [25] 0 [26] 0 [27] 0 [28] 0 [29] 0 [48] 0 [49] 0 [50] 0 [51] 130 [52] 130 [53] 130 [63] 130 [64] 130 [65] 130 [66] 130 [67] 130 [68] 130 [69] 130 [70] 130 [71] 130 [78] 130 [79] 130 [80] 130 [81] 130 [82] 130 [83] 130 [96] 130 [97] 130 [98] 130 [99] 130 [100] 130 [101] 130 [120] 130 [121] 130 [122] 130 [123] 130 [124] 130 [125] 130 [132] 130 [133] 130 [134] 130 [135] 130 [136] 130 [137] 130 [156] 130 [157] 130 [158] 130 [159] 130 [160] 130 [161] 130 [162] 130 [163] 130 [164] 130 [165] 130 [166] 130 [167] 130 [174] 130 [175] 130 [176] 130 [177] 130 [178] 130 [179] 130 [180] 130 [181] 130 [182] 130 [183] 130 [184] 130 [185] 130 [186] 130 [187] 130 [188] 130 [189] 130 [190] 130 [191] 130 [198] 130 [199] 130 
============================================
Bit Error Rate: 
[00] 0.0 [01] 0.0 [02] 0.0 [03] 0.0 [04] 0.0 [05] 0.0 [18] 0.0 [19] 0.0 [20] 0.0 [21] 0.0 [22] 0.0 [23] 0.0 [24] 0.0 [25] 0.0 [26] 0.0 [27] 0.0 [28] 0.0 [29] 0.0 [48] 0.0 [49] 0.0 [50] 0.0 [51] 0.00434724451578 [52] 0.00434724451578 [53] 0.00434724451578 [63] 0.00434724451578 [64] 0.00434724451578 [65] 0.00434724451578 [66] 0.00434724451578 [67] 0.00434724451578 [68] 0.00434724451578 [69] 0.00434724451578 [70] 0.00434724451578 [71] 0.00434724451578 [78] 0.00434724451578 [79] 0.00434724451578 [80] 0.00434724451578 [81] 0.00434724451578 [82] 0.00434724451578 [83] 0.00434724451578 [96] 0.00434724451578 [97] 0.00434724451578 [98] 0.00434724451578 [99] 0.00434724451578 [100] 0.00434724451578 [101] 0.00434724451578 [120] 0.00434724451578 [121] 0.00434724451578 [122] 0.00434724451578 [123] 0.00434724451578 [124] 0.00434724451578 [125] 0.00434724451578 [132] 0.00434724451578 [133] 0.00434724451578 [134] 0.00434724451578 [135] 0.00434724451578 [136] 0.00434724451578 [137] 0.00434724451578 [156] 0.00434724451578 [157] 0.00434724451578 [158] 0.00434724451578 [159] 0.00434724451578 [160] 0.00434724451578 [161] 0.00434724451578 [162] 0.00434724451578 [163] 0.00434724451578 [164] 0.00434724451578 [165] 0.00434724451578 [166] 0.00434724451578 [167] 0.00434724451578 [174] 0.00434724451578 [175] 0.00434724451578 [176] 0.00434724451578 [177] 0.00434724451578 [178] 0.00434724451578 [179] 0.00434724451578 [180] 0.00434724451578 [181] 0.00434724451578 [182] 0.00434724451578 [183] 0.00434724451578 [184] 0.00434724451578 [185] 0.00434724451578 [186] 0.00434724451578 [187] 0.00434724451578 [188] 0.00434724451578 [189] 0.00434724451578 [190] 0.00434724451578 [191] 0.00434724451578 [198] 0.00434724451578 [199] 0.00434724451578 


============================================
Average SNR: 
28.1473310292


============================================
Number of OFDM symbols | Correct Bits  | Throughput (Bits/Channel use): 
939440					| 29774			| 0.0316933492293
============================================